-112.5 0 -11.1607125
-87.5 0 -11.1607125
-112.5 0 11.1607125
-100 12.5 0
-87.5 25 11.1607125
-87.5 0 11.1607125
-87.5 25 -11.1607125
-62.5 0 -11.1607125
-75 12.5 0
-62.5 25 11.1607125
-62.5 0 11.1607125
-62.5 25 -11.1607125
-75 37.5 0
-62.5 50 11.1607125
-62.5 50 -11.1607125
-37.5 0 -11.1607125
-50 12.5 0
-37.5 25 11.1607125
-37.5 0 11.1607125
-37.5 25 -11.1607125
-50 37.5 0
-37.5 50 11.1607125
-37.5 50 -11.1607125
-50 62.5 0
-37.5 75 11.1607125
-37.5 75 -11.1607125
-12.5 0 -11.1607125
-25 12.5 0
-12.5 25 11.1607125
-12.5 0 11.1607125
-12.5 25 -11.1607125
-25 37.5 0
-12.5 50 11.1607125
-12.5 50 -11.1607125
-25 62.5 0
-12.5 75 11.1607125
-12.5 75 -11.1607125
12.5 0 -11.1607125
0 12.5 0
12.5 25 11.1607125
12.5 0 11.1607125
12.5 25 -11.1607125
0 37.5 0
12.5 50 11.1607125
12.5 50 -11.1607125
0 62.5 0
12.5 75 11.1607125
12.5 75 -11.1607125
37.5 0 -11.1607125
25 12.5 0
37.5 25 11.1607125
37.5 0 11.1607125
37.5 25 -11.1607125
25 37.5 0
37.5 50 11.1607125
37.5 50 -11.1607125
25 62.5 0
37.5 75 11.1607125
37.5 75 -11.1607125
62.5 0 -11.1607125
50 12.5 0
62.5 25 11.1607125
62.5 0 11.1607125
62.5 25 -11.1607125
50 37.5 0
62.5 50 11.1607125
62.5 50 -11.1607125
50 62.5 0
87.5 0 -11.1607125
75 12.5 0
87.5 25 11.1607125
87.5 0 11.1607125
87.5 25 -11.1607125
75 37.5 0
112.5 0 -11.1607125
100 12.5 0
112.5 0 11.1607125
