1 2
1 3
1 4
4 5
2 4
4 6
7 4
4 3
3 6
2 8
2 7
2 6
2 9
9 10
8 9
9 5
7 9
9 11
12 9
9 6
6 11
6 5
7 12
7 5
7 13
13 14
12 13
13 10
15 13
13 5
5 10
8 16
8 12
8 11
8 17
17 18
16 17
17 10
12 17
17 19
20 17
17 11
11 19
11 10
12 20
12 15
12 10
12 21
21 22
20 21
21 14
15 21
21 18
23 21
21 10
10 18
10 14
15 23
15 14
15 24
24 25
23 24
24 22
26 24
24 14
14 22
16 27
16 20
16 19
16 28
28 29
27 28
28 18
20 28
28 30
31 28
28 19
19 30
19 18
20 31
20 23
20 18
20 32
32 33
31 32
32 22
23 32
32 29
34 32
32 18
18 29
18 22
23 34
23 26
23 22
23 35
35 36
34 35
35 25
26 35
35 33
37 35
35 22
22 33
22 25
26 37
26 25
25 36
27 38
27 31
27 30
27 39
39 40
38 39
39 29
31 39
39 41
42 39
39 30
30 41
30 29
31 42
31 34
31 29
31 43
43 44
42 43
43 33
34 43
43 40
45 43
43 29
29 40
29 33
34 45
34 37
34 33
34 46
46 47
45 46
46 36
37 46
46 44
48 46
46 33
33 44
33 36
37 48
37 36
36 47
38 49
38 42
38 41
38 50
50 51
49 50
50 40
42 50
50 52
53 50
50 41
41 52
41 40
42 53
42 45
42 40
42 54
54 55
53 54
54 44
45 54
54 51
56 54
54 40
40 51
40 44
45 56
45 48
45 44
45 57
57 58
56 57
57 47
48 57
57 55
59 57
57 44
44 55
44 47
48 59
48 47
47 58
49 60
49 53
49 52
49 61
61 62
60 61
61 51
53 61
61 63
64 61
61 52
52 63
52 51
53 64
53 56
53 51
53 65
65 66
64 65
65 55
56 65
65 62
67 65
65 51
51 62
51 55
56 67
56 59
56 55
56 68
67 68
68 58
59 68
68 66
68 55
55 66
55 58
59 58
60 69
60 64
60 63
60 70
70 71
69 70
70 62
64 70
70 72
73 70
70 63
63 72
63 62
64 73
64 67
64 62
64 74
73 74
74 66
67 74
74 71
74 62
62 71
62 66
67 66
69 75
69 73
69 72
69 76
75 76
76 71
73 76
76 77
76 72
72 77
72 71
73 71
75 77
