0 0 0
10 0 0
0 10 0
0 0 10
5 5 5
10 10 10
0 10 10
10 0 10
10 10 0
0 0 20
5 5 15
10 10 20
0 10 20
10 0 20
0 0 30
5 5 25
10 10 30
0 10 30
10 0 30
0 20 0
5 15 5
10 20 10
0 20 10
10 20 0
5 15 15
10 20 20
0 20 20
5 15 25
10 20 30
0 20 30
0 30 0
5 25 5
10 30 10
0 30 10
10 30 0
5 25 15
10 30 20
0 30 20
5 25 25
10 30 30
0 30 30
20 0 0
15 5 5
20 10 10
20 0 10
20 10 0
15 5 15
20 10 20
20 0 20
15 5 25
20 10 30
20 0 30
15 15 5
20 20 10
20 20 0
15 15 15
20 20 20
15 15 25
20 20 30
15 25 5
20 30 10
20 30 0
15 25 15
20 30 20
15 25 25
20 30 30
30 0 0
25 5 5
30 10 10
30 0 10
30 10 0
25 5 15
30 10 20
30 0 20
25 5 25
30 10 30
30 0 30
25 15 5
30 20 10
30 20 0
25 15 15
30 20 20
25 15 25
30 20 30
25 25 5
30 30 10
30 30 0
25 25 15
30 30 20
25 25 25
30 30 30
40 0 0
35 5 5
40 10 10
40 0 10
40 10 0
35 5 15
40 10 20
40 0 20
35 5 25
40 10 30
40 0 30
35 15 5
40 20 10
40 20 0
35 15 15
40 20 20
35 15 25
40 20 30
35 25 5
40 30 10
40 30 0
35 25 15
40 30 20
35 25 25
40 30 30
50 0 0
45 5 5
50 10 10
50 0 10
50 10 0
45 5 15
50 10 20
50 0 20
45 5 25
50 10 30
50 0 30
45 15 5
50 20 10
50 20 0
45 15 15
50 20 20
45 15 25
50 20 30
45 25 5
50 30 10
50 30 0
45 25 15
50 30 20
45 25 25
50 30 30
60 0 0
55 5 5
60 10 10
60 0 10
60 10 0
55 5 15
60 10 20
60 0 20
55 5 25
60 10 30
60 0 30
55 15 5
60 20 10
60 20 0
55 15 15
60 20 20
55 15 25
60 20 30
55 25 5
60 30 10
60 30 0
55 25 15
60 30 20
55 25 25
60 30 30
70 0 0
65 5 5
70 10 10
70 0 10
70 10 0
65 5 15
70 10 20
70 0 20
65 5 25
70 10 30
70 0 30
65 15 5
70 20 10
70 20 0
65 15 15
70 20 20
65 15 25
70 20 30
65 25 5
70 30 10
70 30 0
65 25 15
70 30 20
65 25 25
70 30 30
80 0 0
75 5 5
80 10 10
80 0 10
80 10 0
75 5 15
80 10 20
80 0 20
75 5 25
80 10 30
80 0 30
75 15 5
80 20 10
80 20 0
75 15 15
80 20 20
75 15 25
80 20 30
75 25 5
80 30 10
80 30 0
75 25 15
80 30 20
75 25 25
80 30 30
90 0 0
85 5 5
90 10 10
90 0 10
90 10 0
85 5 15
90 10 20
90 0 20
85 5 25
90 10 30
90 0 30
85 15 5
90 20 10
90 20 0
85 15 15
90 20 20
85 15 25
90 20 30
85 25 5
90 30 10
90 30 0
85 25 15
90 30 20
85 25 25
90 30 30
100 0 0
95 5 5
100 10 10
100 0 10
100 10 0
95 5 15
100 10 20
100 0 20
95 5 25
100 10 30
100 0 30
95 15 5
100 20 10
100 20 0
95 15 15
100 20 20
95 15 25
100 20 30
95 25 5
100 30 10
100 30 0
95 25 15
100 30 20
95 25 25
100 30 30
110 0 0
105 5 5
110 10 10
110 0 10
110 10 0
105 5 15
110 10 20
110 0 20
105 5 25
110 10 30
110 0 30
105 15 5
110 20 10
110 20 0
105 15 15
110 20 20
105 15 25
110 20 30
105 25 5
110 30 10
110 30 0
105 25 15
110 30 20
105 25 25
110 30 30
120 0 0
115 5 5
120 10 10
120 0 10
120 10 0
115 5 15
120 10 20
120 0 20
115 5 25
120 10 30
120 0 30
115 15 5
120 20 10
120 20 0
115 15 15
120 20 20
115 15 25
120 20 30
115 25 5
120 30 10
120 30 0
115 25 15
120 30 20
115 25 25
120 30 30
130 0 0
125 5 5
130 10 10
130 0 10
130 10 0
125 5 15
130 10 20
130 0 20
125 5 25
130 10 30
130 0 30
125 15 5
130 20 10
130 20 0
125 15 15
130 20 20
125 15 25
130 20 30
125 25 5
130 30 10
130 30 0
125 25 15
130 30 20
125 25 25
130 30 30
140 0 0
135 5 5
140 10 10
140 0 10
140 10 0
135 5 15
140 10 20
140 0 20
135 5 25
140 10 30
140 0 30
135 15 5
140 20 10
140 20 0
135 15 15
140 20 20
135 15 25
140 20 30
135 25 5
140 30 10
140 30 0
135 25 15
140 30 20
135 25 25
140 30 30
150 0 0
145 5 5
150 10 10
150 0 10
150 10 0
145 5 15
150 10 20
150 0 20
145 5 25
150 10 30
150 0 30
145 15 5
150 20 10
150 20 0
145 15 15
150 20 20
145 15 25
150 20 30
145 25 5
150 30 10
150 30 0
145 25 15
150 30 20
145 25 25
150 30 30
160 0 0
155 5 5
160 10 10
160 0 10
160 10 0
155 5 15
160 10 20
160 0 20
155 5 25
160 10 30
160 0 30
155 15 5
160 20 10
160 20 0
155 15 15
160 20 20
155 15 25
160 20 30
155 25 5
160 30 10
160 30 0
155 25 15
160 30 20
155 25 25
160 30 30
170 0 0
165 5 5
170 10 10
170 0 10
170 10 0
165 5 15
170 10 20
170 0 20
165 5 25
170 10 30
170 0 30
165 15 5
170 20 10
170 20 0
165 15 15
170 20 20
165 15 25
170 20 30
165 25 5
170 30 10
170 30 0
165 25 15
170 30 20
165 25 25
170 30 30
180 0 0
175 5 5
180 10 10
180 0 10
180 10 0
175 5 15
180 10 20
180 0 20
175 5 25
180 10 30
180 0 30
175 15 5
180 20 10
180 20 0
175 15 15
180 20 20
175 15 25
180 20 30
175 25 5
180 30 10
180 30 0
175 25 15
180 30 20
175 25 25
180 30 30
