1 2
1 3
1 4
1 5
5 6
2 5
5 7
3 5
5 8
9 5
5 4
4 8
4 7
4 10
4 11
11 12
8 11
11 13
7 11
11 14
6 11
11 10
10 14
10 13
10 15
10 16
16 17
14 16
16 18
13 16
16 19
12 16
16 15
15 19
15 18
3 9
3 20
3 7
3 21
21 22
9 21
21 23
20 21
21 6
24 21
21 7
7 6
7 23
7 13
7 25
25 26
6 25
25 27
23 25
25 12
22 25
25 13
13 12
13 27
13 18
13 28
28 29
12 28
28 30
27 28
28 17
26 28
28 18
18 17
18 30
20 24
20 31
20 23
20 32
32 33
24 32
32 34
31 32
32 22
35 32
32 23
23 22
23 34
23 27
23 36
36 37
22 36
36 38
34 36
36 26
33 36
36 27
27 26
27 38
27 30
27 39
39 40
26 39
39 41
38 39
39 29
37 39
39 30
30 29
30 41
31 35
31 34
34 33
34 38
38 37
38 41
41 40
2 42
2 9
2 8
2 43
43 44
42 43
43 6
9 43
43 45
46 43
43 8
8 45
8 6
8 14
8 47
47 48
45 47
47 12
6 47
47 49
44 47
47 14
14 49
14 12
14 19
14 50
50 51
49 50
50 17
12 50
50 52
48 50
50 19
19 52
19 17
9 46
9 24
9 6
9 53
53 54
46 53
53 22
24 53
53 44
55 53
53 6
6 44
6 22
6 12
6 56
56 57
44 56
56 26
22 56
56 48
54 56
56 12
12 48
12 26
12 17
12 58
58 59
48 58
58 29
26 58
58 51
57 58
58 17
17 51
17 29
24 55
24 35
24 22
24 60
60 61
55 60
60 33
35 60
60 54
62 60
60 22
22 54
22 33
22 26
22 63
63 64
54 63
63 37
33 63
63 57
61 63
63 26
26 57
26 37
26 29
26 65
65 66
57 65
65 40
37 65
65 59
64 65
65 29
29 59
29 40
35 62
35 33
33 61
33 37
37 64
37 40
40 66
42 67
42 46
42 45
42 68
68 69
67 68
68 44
46 68
68 70
71 68
68 45
45 70
45 44
45 49
45 72
72 73
70 72
72 48
44 72
72 74
69 72
72 49
49 74
49 48
49 52
49 75
75 76
74 75
75 51
48 75
75 77
73 75
75 52
52 77
52 51
46 71
46 55
46 44
46 78
78 79
71 78
78 54
55 78
78 69
80 78
78 44
44 69
44 54
44 48
44 81
81 82
69 81
81 57
54 81
81 73
79 81
81 48
48 73
48 57
48 51
48 83
83 84
73 83
83 59
57 83
83 76
82 83
83 51
51 76
51 59
55 80
55 62
55 54
55 85
85 86
80 85
85 61
62 85
85 79
87 85
85 54
54 79
54 61
54 57
54 88
88 89
79 88
88 64
61 88
88 82
86 88
88 57
57 82
57 64
57 59
57 90
90 91
82 90
90 66
64 90
90 84
89 90
90 59
59 84
59 66
62 87
62 61
61 86
61 64
64 89
64 66
66 91
67 92
67 71
67 70
67 93
93 94
92 93
93 69
71 93
93 95
96 93
93 70
70 95
70 69
70 74
70 97
97 98
95 97
97 73
69 97
97 99
94 97
97 74
74 99
74 73
74 77
74 100
100 101
99 100
100 76
73 100
100 102
98 100
100 77
77 102
77 76
71 96
71 80
71 69
71 103
103 104
96 103
103 79
80 103
103 94
105 103
103 69
69 94
69 79
69 73
69 106
106 107
94 106
106 82
79 106
106 98
104 106
106 73
73 98
73 82
73 76
73 108
108 109
98 108
108 84
82 108
108 101
107 108
108 76
76 101
76 84
80 105
80 87
80 79
80 110
110 111
105 110
110 86
87 110
110 104
112 110
110 79
79 104
79 86
79 82
79 113
113 114
104 113
113 89
86 113
113 107
111 113
113 82
82 107
82 89
82 84
82 115
115 116
107 115
115 91
89 115
115 109
114 115
115 84
84 109
84 91
87 112
87 86
86 111
86 89
89 114
89 91
91 116
92 117
92 96
92 95
92 118
118 119
117 118
118 94
96 118
118 120
121 118
118 95
95 120
95 94
95 99
95 122
122 123
120 122
122 98
94 122
122 124
119 122
122 99
99 124
99 98
99 102
99 125
125 126
124 125
125 101
98 125
125 127
123 125
125 102
102 127
102 101
96 121
96 105
96 94
96 128
128 129
121 128
128 104
105 128
128 119
130 128
128 94
94 119
94 104
94 98
94 131
131 132
119 131
131 107
104 131
131 123
129 131
131 98
98 123
98 107
98 101
98 133
133 134
123 133
133 109
107 133
133 126
132 133
133 101
101 126
101 109
105 130
105 112
105 104
105 135
135 136
130 135
135 111
112 135
135 129
137 135
135 104
104 129
104 111
104 107
104 138
138 139
129 138
138 114
111 138
138 132
136 138
138 107
107 132
107 114
107 109
107 140
140 141
132 140
140 116
114 140
140 134
139 140
140 109
109 134
109 116
112 137
112 111
111 136
111 114
114 139
114 116
116 141
117 142
117 121
117 120
117 143
143 144
142 143
143 119
121 143
143 145
146 143
143 120
120 145
120 119
120 124
120 147
147 148
145 147
147 123
119 147
147 149
144 147
147 124
124 149
124 123
124 127
124 150
150 151
149 150
150 126
123 150
150 152
148 150
150 127
127 152
127 126
121 146
121 130
121 119
121 153
153 154
146 153
153 129
130 153
153 144
155 153
153 119
119 144
119 129
119 123
119 156
156 157
144 156
156 132
129 156
156 148
154 156
156 123
123 148
123 132
123 126
123 158
158 159
148 158
158 134
132 158
158 151
157 158
158 126
126 151
126 134
130 155
130 137
130 129
130 160
160 161
155 160
160 136
137 160
160 154
162 160
160 129
129 154
129 136
129 132
129 163
163 164
154 163
163 139
136 163
163 157
161 163
163 132
132 157
132 139
132 134
132 165
165 166
157 165
165 141
139 165
165 159
164 165
165 134
134 159
134 141
137 162
137 136
136 161
136 139
139 164
139 141
141 166
142 167
142 146
142 145
142 168
168 169
167 168
168 144
146 168
168 170
171 168
168 145
145 170
145 144
145 149
145 172
172 173
170 172
172 148
144 172
172 174
169 172
172 149
149 174
149 148
149 152
149 175
175 176
174 175
175 151
148 175
175 177
173 175
175 152
152 177
152 151
146 171
146 155
146 144
146 178
178 179
171 178
178 154
155 178
178 169
180 178
178 144
144 169
144 154
144 148
144 181
181 182
169 181
181 157
154 181
181 173
179 181
181 148
148 173
148 157
148 151
148 183
183 184
173 183
183 159
157 183
183 176
182 183
183 151
151 176
151 159
155 180
155 162
155 154
155 185
185 186
180 185
185 161
162 185
185 179
187 185
185 154
154 179
154 161
154 157
154 188
188 189
179 188
188 164
161 188
188 182
186 188
188 157
157 182
157 164
157 159
157 190
190 191
182 190
190 166
164 190
190 184
189 190
190 159
159 184
159 166
162 187
162 161
161 186
161 164
164 189
164 166
166 191
167 192
167 171
167 170
167 193
193 194
192 193
193 169
171 193
193 195
196 193
193 170
170 195
170 169
170 174
170 197
197 198
195 197
197 173
169 197
197 199
194 197
197 174
174 199
174 173
174 177
174 200
200 201
199 200
200 176
173 200
200 202
198 200
200 177
177 202
177 176
171 196
171 180
171 169
171 203
203 204
196 203
203 179
180 203
203 194
205 203
203 169
169 194
169 179
169 173
169 206
206 207
194 206
206 182
179 206
206 198
204 206
206 173
173 198
173 182
173 176
173 208
208 209
198 208
208 184
182 208
208 201
207 208
208 176
176 201
176 184
180 205
180 187
180 179
180 210
210 211
205 210
210 186
187 210
210 204
212 210
210 179
179 204
179 186
179 182
179 213
213 214
204 213
213 189
186 213
213 207
211 213
213 182
182 207
182 189
182 184
182 215
215 216
207 215
215 191
189 215
215 209
214 215
215 184
184 209
184 191
187 212
187 186
186 211
186 189
189 214
189 191
191 216
192 217
192 196
192 195
192 218
218 219
217 218
218 194
196 218
218 220
221 218
218 195
195 220
195 194
195 199
195 222
222 223
220 222
222 198
194 222
222 224
219 222
222 199
199 224
199 198
199 202
199 225
225 226
224 225
225 201
198 225
225 227
223 225
225 202
202 227
202 201
196 221
196 205
196 194
196 228
228 229
221 228
228 204
205 228
228 219
230 228
228 194
194 219
194 204
194 198
194 231
231 232
219 231
231 207
204 231
231 223
229 231
231 198
198 223
198 207
198 201
198 233
233 234
223 233
233 209
207 233
233 226
232 233
233 201
201 226
201 209
205 230
205 212
205 204
205 235
235 236
230 235
235 211
212 235
235 229
237 235
235 204
204 229
204 211
204 207
204 238
238 239
229 238
238 214
211 238
238 232
236 238
238 207
207 232
207 214
207 209
207 240
240 241
232 240
240 216
214 240
240 234
239 240
240 209
209 234
209 216
212 237
212 211
211 236
211 214
214 239
214 216
216 241
217 242
217 221
217 220
217 243
243 244
242 243
243 219
221 243
243 245
246 243
243 220
220 245
220 219
220 224
220 247
247 248
245 247
247 223
219 247
247 249
244 247
247 224
224 249
224 223
224 227
224 250
250 251
249 250
250 226
223 250
250 252
248 250
250 227
227 252
227 226
221 246
221 230
221 219
221 253
253 254
246 253
253 229
230 253
253 244
255 253
253 219
219 244
219 229
219 223
219 256
256 257
244 256
256 232
229 256
256 248
254 256
256 223
223 248
223 232
223 226
223 258
258 259
248 258
258 234
232 258
258 251
257 258
258 226
226 251
226 234
230 255
230 237
230 229
230 260
260 261
255 260
260 236
237 260
260 254
262 260
260 229
229 254
229 236
229 232
229 263
263 264
254 263
263 239
236 263
263 257
261 263
263 232
232 257
232 239
232 234
232 265
265 266
257 265
265 241
239 265
265 259
264 265
265 234
234 259
234 241
237 262
237 236
236 261
236 239
239 264
239 241
241 266
242 267
242 246
242 245
242 268
268 269
267 268
268 244
246 268
268 270
271 268
268 245
245 270
245 244
245 249
245 272
272 273
270 272
272 248
244 272
272 274
269 272
272 249
249 274
249 248
249 252
249 275
275 276
274 275
275 251
248 275
275 277
273 275
275 252
252 277
252 251
246 271
246 255
246 244
246 278
278 279
271 278
278 254
255 278
278 269
280 278
278 244
244 269
244 254
244 248
244 281
281 282
269 281
281 257
254 281
281 273
279 281
281 248
248 273
248 257
248 251
248 283
283 284
273 283
283 259
257 283
283 276
282 283
283 251
251 276
251 259
255 280
255 262
255 254
255 285
285 286
280 285
285 261
262 285
285 279
287 285
285 254
254 279
254 261
254 257
254 288
288 289
279 288
288 264
261 288
288 282
286 288
288 257
257 282
257 264
257 259
257 290
290 291
282 290
290 266
264 290
290 284
289 290
290 259
259 284
259 266
262 287
262 261
261 286
261 264
264 289
264 266
266 291
267 292
267 271
267 270
267 293
293 294
292 293
293 269
271 293
293 295
296 293
293 270
270 295
270 269
270 274
270 297
297 298
295 297
297 273
269 297
297 299
294 297
297 274
274 299
274 273
274 277
274 300
300 301
299 300
300 276
273 300
300 302
298 300
300 277
277 302
277 276
271 296
271 280
271 269
271 303
303 304
296 303
303 279
280 303
303 294
305 303
303 269
269 294
269 279
269 273
269 306
306 307
294 306
306 282
279 306
306 298
304 306
306 273
273 298
273 282
273 276
273 308
308 309
298 308
308 284
282 308
308 301
307 308
308 276
276 301
276 284
280 305
280 287
280 279
280 310
310 311
305 310
310 286
287 310
310 304
312 310
310 279
279 304
279 286
279 282
279 313
313 314
304 313
313 289
286 313
313 307
311 313
313 282
282 307
282 289
282 284
282 315
315 316
307 315
315 291
289 315
315 309
314 315
315 284
284 309
284 291
287 312
287 286
286 311
286 289
289 314
289 291
291 316
292 317
292 296
292 295
292 318
318 319
317 318
318 294
296 318
318 320
321 318
318 295
295 320
295 294
295 299
295 322
322 323
320 322
322 298
294 322
322 324
319 322
322 299
299 324
299 298
299 302
299 325
325 326
324 325
325 301
298 325
325 327
323 325
325 302
302 327
302 301
296 321
296 305
296 294
296 328
328 329
321 328
328 304
305 328
328 319
330 328
328 294
294 319
294 304
294 298
294 331
331 332
319 331
331 307
304 331
331 323
329 331
331 298
298 323
298 307
298 301
298 333
333 334
323 333
333 309
307 333
333 326
332 333
333 301
301 326
301 309
305 330
305 312
305 304
305 335
335 336
330 335
335 311
312 335
335 329
337 335
335 304
304 329
304 311
304 307
304 338
338 339
329 338
338 314
311 338
338 332
336 338
338 307
307 332
307 314
307 309
307 340
340 341
332 340
340 316
314 340
340 334
339 340
340 309
309 334
309 316
312 337
312 311
311 336
311 314
314 339
314 316
316 341
317 342
317 321
317 320
317 343
343 344
342 343
343 319
321 343
343 345
346 343
343 320
320 345
320 319
320 324
320 347
347 348
345 347
347 323
319 347
347 349
344 347
347 324
324 349
324 323
324 327
324 350
350 351
349 350
350 326
323 350
350 352
348 350
350 327
327 352
327 326
321 346
321 330
321 319
321 353
353 354
346 353
353 329
330 353
353 344
355 353
353 319
319 344
319 329
319 323
319 356
356 357
344 356
356 332
329 356
356 348
354 356
356 323
323 348
323 332
323 326
323 358
358 359
348 358
358 334
332 358
358 351
357 358
358 326
326 351
326 334
330 355
330 337
330 329
330 360
360 361
355 360
360 336
337 360
360 354
362 360
360 329
329 354
329 336
329 332
329 363
363 364
354 363
363 339
336 363
363 357
361 363
363 332
332 357
332 339
332 334
332 365
365 366
357 365
365 341
339 365
365 359
364 365
365 334
334 359
334 341
337 362
337 336
336 361
336 339
339 364
339 341
341 366
342 367
342 346
342 345
342 368
368 369
367 368
368 344
346 368
368 370
371 368
368 345
345 370
345 344
345 349
345 372
372 373
370 372
372 348
344 372
372 374
369 372
372 349
349 374
349 348
349 352
349 375
375 376
374 375
375 351
348 375
375 377
373 375
375 352
352 377
352 351
346 371
346 355
346 344
346 378
378 379
371 378
378 354
355 378
378 369
380 378
378 344
344 369
344 354
344 348
344 381
381 382
369 381
381 357
354 381
381 373
379 381
381 348
348 373
348 357
348 351
348 383
383 384
373 383
383 359
357 383
383 376
382 383
383 351
351 376
351 359
355 380
355 362
355 354
355 385
385 386
380 385
385 361
362 385
385 379
387 385
385 354
354 379
354 361
354 357
354 388
388 389
379 388
388 364
361 388
388 382
386 388
388 357
357 382
357 364
357 359
357 390
390 391
382 390
390 366
364 390
390 384
389 390
390 359
359 384
359 366
362 387
362 361
361 386
361 364
364 389
364 366
366 391
367 392
367 371
367 370
367 393
393 394
392 393
393 369
371 393
393 395
396 393
393 370
370 395
370 369
370 374
370 397
397 398
395 397
397 373
369 397
397 399
394 397
397 374
374 399
374 373
374 377
374 400
400 401
399 400
400 376
373 400
400 402
398 400
400 377
377 402
377 376
371 396
371 380
371 369
371 403
403 404
396 403
403 379
380 403
403 394
405 403
403 369
369 394
369 379
369 373
369 406
406 407
394 406
406 382
379 406
406 398
404 406
406 373
373 398
373 382
373 376
373 408
408 409
398 408
408 384
382 408
408 401
407 408
408 376
376 401
376 384
380 405
380 387
380 379
380 410
410 411
405 410
410 386
387 410
410 404
412 410
410 379
379 404
379 386
379 382
379 413
413 414
404 413
413 389
386 413
413 407
411 413
413 382
382 407
382 389
382 384
382 415
415 416
407 415
415 391
389 415
415 409
414 415
415 384
384 409
384 391
387 412
387 386
386 411
386 389
389 414
389 391
391 416
392 417
392 396
392 395
392 418
418 419
417 418
418 394
396 418
418 420
421 418
418 395
395 420
395 394
395 399
395 422
422 423
420 422
422 398
394 422
422 424
419 422
422 399
399 424
399 398
399 402
399 425
425 426
424 425
425 401
398 425
425 427
423 425
425 402
402 427
402 401
396 421
396 405
396 394
396 428
428 429
421 428
428 404
405 428
428 419
430 428
428 394
394 419
394 404
394 398
394 431
431 432
419 431
431 407
404 431
431 423
429 431
431 398
398 423
398 407
398 401
398 433
433 434
423 433
433 409
407 433
433 426
432 433
433 401
401 426
401 409
405 430
405 412
405 404
405 435
435 436
430 435
435 411
412 435
435 429
437 435
435 404
404 429
404 411
404 407
404 438
438 439
429 438
438 414
411 438
438 432
436 438
438 407
407 432
407 414
407 409
407 440
440 441
432 440
440 416
414 440
440 434
439 440
440 409
409 434
409 416
412 437
412 411
411 436
411 414
414 439
414 416
416 441
417 442
417 421
417 420
417 443
443 444
442 443
443 419
421 443
443 445
446 443
443 420
420 445
420 419
420 424
420 447
447 448
445 447
447 423
419 447
447 449
444 447
447 424
424 449
424 423
424 427
424 450
450 451
449 450
450 426
423 450
450 452
448 450
450 427
427 452
427 426
421 446
421 430
421 419
421 453
453 454
446 453
453 429
430 453
453 444
455 453
453 419
419 444
419 429
419 423
419 456
456 457
444 456
456 432
429 456
456 448
454 456
456 423
423 448
423 432
423 426
423 458
458 459
448 458
458 434
432 458
458 451
457 458
458 426
426 451
426 434
430 455
430 437
430 429
430 460
460 461
455 460
460 436
437 460
460 454
462 460
460 429
429 454
429 436
429 432
429 463
463 464
454 463
463 439
436 463
463 457
461 463
463 432
432 457
432 439
432 434
432 465
465 466
457 465
465 441
439 465
465 459
464 465
465 434
434 459
434 441
437 462
437 436
436 461
436 439
439 464
439 441
441 466
442 446
442 445
445 444
445 449
449 448
449 452
452 451
446 455
446 444
444 454
444 448
448 457
448 451
451 459
455 462
455 454
454 461
454 457
457 464
457 459
459 466
462 461
461 464
464 466
